00000000000000000000000000000000
00000000000000000000000000000000
00000000000000000000000000000000
00000000000000000000000000000000
00000000000000000000000000000000
00000000000000000000000000000000
00000001010000010000100000000000
00011100000000000010000100001010
00111101011000000011001100000000
01000011000110110100011111000111
11001011110000100111000011011101
11110110111111011010101111101111
01111110100101101110111100111110
11110111001011111011000110111110
11111111011011111101111100111010
11111111010011111000101111101111
11111010101011110111010001101100
11111111111101101010000000100110
01111110100100101010111110101010
00110111011101001111101101110111
00100011011101001111011101100100
00011101011101001101111101100101
11000110010001111110110001110000
00101000010000001010000010010000
00000000000010110110000100100100
00000000000000010100010010000000
00000000000000000000100000000000
00000100000000000000000000000001
00000000000000000000000000000001
00000000000000000000000000000000
00000000000000000000000000000000
00000000000000000000000000000000
