00000000000000000000000000000000
00000000000000000000000000000000
00000000000000000000000000000000
00000000000000000000000000000000
00000000000000000000000000000000
00000000000100000000000000000000
00000000000100000000000000000000
00000001100100000000000000000000
00011110110000000100010010000000
00101111111111100000000010100000
00000111111101011111110010100100
00101111011101000100111011111010
10111101111101101111010001111110
00111111111111000011111111111101
01111111011110110111001111111110
11111100101011111010111001111110
01111110011011111111101111111100
01111100011011111111110011001101
01111010111011111111110111101110
11111110101101110111111010010100
00011111011110011111110101100101
01101111111111011000110111110100
00101011110001111011111100110000
01000101000111100100000000100100
00100100101100011000000100101000
00000000000000001100100000000000
00000000000000000000000001000000
00000000000000000000000000000000
00001000000000000000000000000000
00000000000000000000000000000000
00000000000000000000000000000000
00000000000000000000000000000000
