00000000000000000000000000000000
00000000000000000000000000000000
00000000000000000000000000000000
00000000000000000000000000000000
00000000000000000000000000000000
00000000000000000000000000000000
00000000011010000000000000000000
00000110100000111000000000000000
00111011011001000100010010100010
00111110011000000010000100101010
00011111110011000110001000001100
01011111110000110100111110111111
11111111100011110100111111011110
01111110001000000110001000111111
11111111000011100000001001011111
11111101110001100101010100111101
01111100011000101110110111001010
01110111100011100011111011101111
01011111111011101011011111001110
01110001011110100011111001110111
00100111101111110111000111000001
01010100011010110111010010101000
00111000100000111101010110000010
01000101000110111111010000001100
00000010000000101101100000010000
00000000000000100000111111100000
00000000000001001000101000100000
00000000000000000000000001000000
00000000000000000000000000000000
00000000000000000000000000000000
00000000000000000000000000000000
00000000000000000000000000000000
