00000000000000000000000000000000
00000000000000000000000000000000
00000000000000000000000000000000
00000000000000000000000000000000
00000000000000000000000000000000
00000000000000000000000000000000
00000000100000000000000000000000
00000000010000001000000000001000
00001001011011000001000010000000
00011011110011001110000011111010
00011111111111011100010001010110
00111011111001111000111011001010
00111111110111110101100100111110
00111110000001001011000100101111
11111111000100001010010000000111
01111101010010011111000111111111
01111110001001001110101001110110
01111110101010010110000110111101
01111100111100000011000110011101
10101100110101010011000001111010
10111111000101101011101101011001
11011110011100010001000000101100
01010011110110011111110111101010
00011000011111001110010001001100
00101001000011110100111101001110
01010000000000001110100011001100
00000000000000000101000000000100
00000000000000000000000100000000
00000000000000000000000000000000
00000000000000000000000000000000
00000000000000000000000000000000
00000000000000000000000000000000
