00000000000000000000000000000000
00000000000000000000000000000000
00000000000000000000000000000000
00000000000000000000000000000000
00000000000000000000000000000000
00000000000000100000000000000000
00000000000000000100100000100000
00011111001001000000100010010000
00100101111101000100001010010000
00011111111011111100101110110111
11111101101111111100011111111111
11111111011101111101111100001111
01111101011010100001110100101111
11111110011011001111110010111110
10111111000111111100111111111100
10101111100000111101000110111111
01110101011101110110010010111111
00111001101011101100000010110110
00110001100100011000010000101001
10001011110101000000100000110011
10010001000101001100011011001001
00100101111111101101010110111100
00000011110110010001111010110010
01010001101111110110001010110000
00000010011111010001101101110100
01000100100010110100000001010000
00000000000010000000000000000010
00000000000000000000000000000001
00000000000000000000000000001000
00000000000000000000000000000000
00000000000000000000000000000000
00000000000000000000000000000000
