00000000000000000000000000000000
00000000000000000000000000000000
00000000000000000000000000000000
00000000000000000000000000000000
00000000000000000000000000000000
00000000000000001111000000000000
00001000000000000000000000000000
00001001000110001000000000000000
00001111100001110001010000100100
00111111110111000000000001001010
00111111101111101100010100101010
01111111101110010101110000110110
01011110010110011010011111011100
11111000011001001000110101101111
01111000001001111011001101111111
11111010010101011101100100111110
11111000000111111111110100001111
11110100011010111111101011111111
11011010000011111011011110111110
11111101011110010111001010011100
01110111010100001001001101111100
01110000100000000111111111110011
01011000100101001001010101010000
00011100001100100111110100110000
10000100100110110001100100001000
00000001011001000000001101100000
00000000000000000000110000000000
00000000000000000000000010000000
00000000010000000000000000000000
00000000000000000000000000000000
00000000000000000000000000000000
00000000000000000000000000000000
