00000000000000000000000000000000
00000000000000000000000000000000
00000000000000000000000000000000
00000000000000000000000000000000
00000010000000000000000000000000
00000000000000000000000100000000
00000000100000000000000000000000
00000011000100011011010000000000
00001001010010110000111000010000
10010111000000000010010111111000
00011111010010011000111111101100
11111110111110001100101110111111
01111110100100110101100111111111
11111011111111010010111101111110
11111110110011111111011110111110
11011101001001100011111010111111
11111110111101111111101111111111
11111111101110111000101100101001
00101101001001101011110111111111
00011101011011010001111101111100
00010111011000111000100111110000
00011101000110110011001000010000
00100000111110001011100000111000
00100000011000110110101000000000
00000000000100011010100000010000
00000100000000000001100000000000
00010000000000000000000000000000
00000000000000000000000000000000
00000000000000000000000000000000
00000000000000000000000000000000
00000000000000000000000000000000
00000000000000000000000000000000
