00000000000000000000000000000000
00000000000000000000000000000000
00000000000000000000000000000000
00000000000000000000000000000000
00000000000000000000000000000000
00000000000000000000000000000000
00000000000000110110000000000000
00000010011100010001010000000000
00010011010000001001001001000000
00001010001110110111010000100001
00111101101111110101001001000010
01111111111011110000100110010100
01110111110011011000011101111110
11111110110000111000000111110011
11111100100100100111010000111111
11111111010001111110100011111111
10111110001111111111110001011111
01111111000001111111111101111111
01111111011000011111101111111000
01011101100010111110010111111010
00111111001000011101100100110000
00101001101110000010001110100100
01000111001010111111000001110001
01100000001000101000110010100010
00000000000001000100001010000000
00000000000000110111100100000000
00000000000000000000000000000010
00000000000000000000000000000000
00000000000000000000000000000000
00000000000000000000000000000000
00000000000000000000000000000000
00000000000000000000000000000000
