00000000000000000000000000000000
00000000000000000000000000000000
00000000000000000000000000000000
00000000000000000000000000000000
00000000000000000000000000000000
00000000000000000000000000000000
00000000000000000000000000000000
00000010010000101110001010100000
00001111011001011100001111010000
00001111110100111100001110000000
00111100101101111111101000101000
01111110111111100000110011011110
11111111110111110110010001111111
11111111101110001110011110011111
11111111100101001100110000111100
01111110100010001011111000011110
01111111010101111100110110110111
00111100111100011101000110111110
11100110001010111110010100010110
00000110001011011010110110110110
00011011101111001111111001111100
01101011101000011000011010110001
01011010001001010111111010101001
00001000001001000101100100000000
00000000000001101010000000000000
01101000000001110010101100000000
00000000000000000000001001000000
00000000000000000000000000000000
00000000000000000000000000000000
00000000000000000000000000000000
00000000000000000000000000000000
00000000000000000000000000000000
