00000000000000000000000000000000
00000000000000000000000000000000
00000000000000000000000000000000
00000000000000000000000000000000
00000000000000000000000000000000
00000000000100010000000000000000
00000000010000000000000000000000
00000001000010000010001000001000
00000010101011100000110010001100
00001010110101110110001110110010
00000111111010011011010010100001
10111110101101101111111100110110
01011110111011010111100011111101
01101111110111011001101110111111
11111101000101011010011000111010
10111111000011110111110100111110
01111110011001111011010011011110
01111010000101101110110111111011
01110111101100010101000001110110
11111110001111001101100000011011
00011100000110001111101011110110
00011100101011100111111100110101
10100111111010011111011000111000
00100010000010000010110110010000
00001000011000001100111011100000
00000001100010001000000001000000
00000000000000000000100010000000
00000000000000000000000000000000
00000000000000000000000000000000
00000000000000000000000000000000
00000000000000000000000000000000
00000000000000000000000000000000
